Date,nvda,msft,googl,amzn,aapl,meta
2023-01-03,100.0,100.0,100.0,100.0,100.0,100.0
2023-01-04,103.03178220993145,95.6256884990026,98.83302785690422,99.207643547432,101.03143754903653,102.10838355642473
2023-01-05,99.65072853344655,92.79155206412997,96.72352014819764,96.85388375921303,99.96001792559495,101.76367007768896
2023-01-06,103.80021410746285,93.88512669614079,98.00268477481852,100.30296217333377,103.63796765419944,104.23279958336468
2023-01-09,109.17220315459129,94.79923348002933,98.76569344296307,101.79445458052155,104.0617196352529,103.79187899141074
2023-01-10,111.13517493843877,95.52134054205803,99.2145321909765,104.71918325117645,104.52547220378801,106.61376586386532
2023-01-11,111.77785070565052,98.40972987131023,102.6929894793849,110.80167405736483,106.73223093310473,106.5335973662258
2023-01-12,115.34054101339399,99.55338659293186,102.25537600094137,111.01141573275038,106.66827442451793,109.59595286121835
2023-01-13,118.05098200595863,99.85391804945925,103.36624760140505,114.33232707468726,107.74766084191796,109.81240657583238
2023-01-17,123.66050152032835,100.32141791275674,102.43492010188588,111.92030225275164,108.69114893510931,108.51373344865569
2023-01-18,121.39014364242453,98.42641309038535,102.24416793484974,111.23281219287841,108.10746865643569,106.63780535204302
2023-01-19,117.11491527313235,96.80692138240579,104.40978478792758,109.15870500850818,108.15545455095237,109.1470191065385
2023-01-20,124.61753094196881,100.26715204542297,109.9865159137335,113.31857416199121,110.23426323694233,111.7284004860745
2023-01-23,134.07615750180224,101.25220791572043,111.97262307282337,113.63318223007151,112.82482272803513,114.85489815325481
2023-01-24,134.57910201281817,101.02680932332487,109.62746211880103,112.23491032083194,113.96020503108902,114.75069016743763
2023-01-25,134.9842739828762,100.42993018799302,106.84470488981344,113.23700844878547,113.42448596282995,113.43595384442851
2023-01-26,138.33042318228019,103.51449653035097,109.42548468219499,115.61407780648952,115.1035602991269,118.08561609637917
2023-01-27,142.26334097786943,103.58128129846817,111.50134238740925,119.13306714907341,116.67867753935542,121.64503348291443
2023-01-30,133.8595830558533,101.30646081010002,108.77468570105377,117.1638352473939,114.33595877557474,117.89321416006968
2023-01-31,136.47921240031056,103.43517988849615,110.90662674542189,120.17012074125853,115.36740866666231,119.42440419769285
2023-02-01,146.30109888761731,105.49712717172928,112.69074786616657,122.52388941947348,116.27889382145815,122.75130467378163
2023-02-02,151.65209190832212,110.4433124388771,120.89316846437279,131.56607325054435,120.58849121017636,151.3307780111195
2023-02-03,147.3978528979317,107.83454865049168,117.5718047377691,120.47308291459228,123.53083618259868,149.53503070227322
2023-02-06,147.3209897056129,107.1750620382885,115.4622884273234,119.06315622061024,121.31606746214476,149.15825228250702
2023-02-07,154.89346766878631,111.67879173018278,120.78095877736945,118.9815905074045,123.65076389273722,153.61551259814817
2023-02-08,155.11700300758577,111.33236196176755,111.50134238740925,116.58122047021145,121.46798576862776,147.0498441458285
2023-02-09,156.03912128462346,110.03426222063635,106.60906884797596,114.47214893161362,120.6284547715048,142.6326742240705
2023-02-10,148.55048074166314,109.81719875130128,106.11534622516119,113.73805751276225,120.92473804922281,139.61038454270744
2023-02-13,152.20394935990456,113.24819486207447,106.16023009996253,115.98695090828643,123.19894608757598,143.84320256126244
2023-02-14,160.46802269837812,113.60299218593563,106.23877257999533,116.17338301418691,122.67842008417031,143.88326837489188
2023-02-15,159.0219838864665,112.69497620403448,108.77468570105377,117.87462598675621,124.38407919844796,142.02342805436538
2023-02-16,153.69891444742646,109.6947340638447,107.17010007951448,114.36728253891886,123.08683089575767,138.23954379049022
2023-02-17,149.40971095225814,107.98329005663928,105.86847631201466,113.26030912827456,122.15793110691784,138.59228272207875
2023-02-21,144.28920082815958,105.72789656715524,102.99595993516353,110.20741338543583,118.89877802586672,137.9509470310894
2023-02-22,144.9807962034597,105.24250700004391,102.83886637335884,111.61734007941789,119.24312125040774,137.18133928585146
2023-02-23,165.30909698017265,106.6066261049957,101.98607275213331,111.65229554364949,119.6354750535676,137.91886979993208
2023-02-24,162.66851828194498,104.28426622603595,100.01120806609163,108.94896333312265,117.48142922432308,136.59613260432397
2023-02-27,164.17041759222982,104.67759971028798,100.84155974991648,109.25192550645639,118.45035428474667,135.91471880957832
2023-02-28,162.1795222267176,104.36796123992642,101.0547538543533,109.79958481940729,118.04195581521037,140.24370707097086
2023-03-01,158.56093808299144,103.0498636899272,101.39138291536337,107.39920589221823,116.36032667434424,139.02517786117994
2023-03-02,162.86413003907967,105.07511697226298,103.23159597700102,107.35259564324411,116.84080272206405,139.91503220781377
2023-03-03,166.88785948277632,106.82420849249796,105.08303430820858,110.58028648723277,120.94075803149715,148.50890342879177
2023-03-06,164.54067841768506,107.48534915635905,106.74371187064085,109.24027072171387,123.18292610530163,148.22830754198998
2023-03-07,162.71013695356658,106.34717999435549,105.31867035004605,109.00722836683929,121.39720410580543,147.9156712944115
2023-03-08,168.94940391020822,106.15888405091391,105.75627522675045,109.43835761235687,122.41418911305209,148.28444884157872
2023-03-09,163.74418958805117,105.58144488742039,103.59065837367262,107.49242639016646,120.58840481581896,145.6549761955605
2023-03-10,160.45336748526944,104.02064282414985,101.69432756592458,105.72128137912998,118.91481035019211,143.90732015319642
2023-03-13,160.46035504820753,106.2509466202503,102.23294266527985,107.702168065552,120.49233429037712,145.02164137717017
2023-03-14,168.1249381587345,109.12564948284292,105.44208810314105,110.5569769177477,122.18995872941547,155.53954425136996
2023-03-15,169.27779269821008,111.07141098844247,107.84334959979549,112.0950795739096,122.51027198054499,158.52973212132198
2023-03-16,178.45155605292305,115.57384338491876,112.56732151133244,116.56956568546892,124.80048765912144,164.2857024345205
2023-03-17,179.7371476181345,116.92543061613294,114.02603023889782,115.2994608484132,124.1198235432276,156.81419018049587
2023-03-20,180.95981111177193,113.91263065629722,113.57719149088439,113.85457869019955,126.04167836590257,158.57784796805797
2023-03-21,183.0488924045991,114.56122647346652,117.7288982995738,117.23374617585709,127.54712472790406,162.0650977295527
2023-03-22,184.92836014432785,113.93772034968079,115.98967825710874,115.00815345982198,126.38600924839254,160.18118105046787
2023-03-23,189.97987475193486,116.18479168905853,118.49191556945749,115.0198082445645,127.2668614324604,163.76463792518078
2023-03-24,187.10125218728055,117.40244614132126,118.31238867199126,114.34397296943379,128.32388405334186,165.15151729297665
2023-03-27,185.3685499393389,115.64916435688623,114.96857440624775,114.23910657673902,126.74636011315685,162.61021401719694
2023-03-28,184.52312149905094,115.16795856749786,113.36399738644758,113.30691937724866,126.2418664340766,160.87862117066533
2023-03-29,188.5335959092353,117.37734347498349,113.76794365792054,116.81426282508605,128.74029251401532,164.62242733078415
2023-03-30,191.3213401505633,118.85863430208651,113.2069038246429,118.8534145452247,130.01352318534515,166.6185897386658
2023-03-31,194.07415991224474,120.63697983399678,116.39362452858168,120.356561737155,132.0474685157363,169.9053998208714
2023-04-03,195.3877017292085,120.18928318525464,117.10053265409412,119.33116292971239,133.064465865034,170.81130507321075
2023-04-04,191.81040288100954,120.16833186425437,117.50447892556708,121.12560862023795,132.63204976413724,172.13405455894573
2023-04-05,187.81394360183265,118.97998331548362,117.2239676106674,117.80470616829706,131.13460105122186,169.5366222737042
2023-04-06,188.90387006973427,122.01785999574876,121.6561857342565,118.92332547368787,131.85529043869943,173.24035033006672
2023-04-10,192.69076913598784,121.09310890295575,119.43445973680741,119.0515014358677,129.74925518807373,172.1580940471234
2023-04-11,189.826161702341,118.34810963625199,118.21139565281867,116.42973493854656,128.76432248742685,171.43657756836768
2023-04-12,185.11702434365583,118.62427788482988,117.4147111759644,113.99440943712192,128.2037835544885,171.55686104014416
2023-04-13,184.89342232963747,121.28139835992022,120.54532273553195,119.31950814496987,132.57599216822808,176.6474315939219
2023-04-14,186.95454003566857,119.73316708924983,122.16112502490203,119.4476841071497,132.2957165307334,177.56133771886027
2023-04-17,188.65934537203307,120.84623358491567,118.90709571223948,119.71568192625588,132.3117118289056,175.45295416243553
2023-04-18,193.30560799931936,120.66628573748876,117.2576176141597,119.20298696753258,133.3047038888939,174.6753332544717
2023-04-19,195.15013792435775,120.69976893222662,116.89856381922723,121.53344607626249,134.23360367773373,172.9196886296355
2023-04-20,189.37199678145384,119.72060926960386,118.14407844235579,120.96247719382653,133.44884670320985,170.81130507321075
2023-04-21,189.47681022552493,119.57417056282318,118.27873006675982,124.63295206807533,132.1435760673313,170.66699440338346
2023-04-24,188.93880788442465,117.90457730580152,118.90709571223948,123.7590299023016,132.39182408232838,170.58681361561707
2023-04-25,183.34235671295437,115.247443857757,116.52826755124659,119.51759503561289,131.14259870030799,166.38608511834624
2023-04-26,188.33795748201302,123.59539716991112,116.37117398944187,122.32580252883048,131.13460105122186,167.86918388948718
2023-04-27,190.22439944963608,127.55388657058595,120.72484963299819,127.96550930475877,134.85819785566738,191.24577949361606
2023-04-28,193.8785614901538,128.57068077328407,120.44433831809852,122.87345295178538,135.8751581788119,192.65673521997022
2023-05-01,201.99028195349857,127.85932180379326,120.28725335803294,118.91167957894133,135.80309294267946,194.94950754997856
2023-05-02,197.09948129346725,127.7965586514718,118.17772844584809,120.75273551844101,134.96229071429744,191.79093265164096
2023-05-03,194.24884898569655,127.37392575020485,118.27873006675982,120.77604508792605,134.08944852136676,190.0192494112261
2023-05-04,192.57199390108437,127.7965586514718,117.47082892207479,121.1838736539546,132.76016025412778,187.20538799162426
2023-05-05,200.3833024982671,129.9892084480656,118.45825696422605,123.11815898139848,138.9901807875981,186.61214356711716
2023-05-08,203.6740979309613,129.15229722802349,120.92682706960424,123.31624587204149,138.93413553374,187.00498518271579
2023-05-09,199.62172481323603,128.46186363362457,120.45555498592928,124.23677828678932,137.5487896705919,187.08512910010157
2023-05-10,201.8156195501343,130.6838063607562,125.39271240016392,128.39664744027235,138.982183138512,186.8526613501626
2023-05-11,199.67063775380257,129.7632066133007,130.80116770329093,130.7154517642597,139.13432360191405,189.02517478864823
2023-05-12,198.0077711301103,129.28620406106654,131.8559215576442,128.47821315347804,138.38055751759885,187.43788032181698
2023-05-15,202.29072048974817,129.4912545748312,130.7338418910889,129.5735228893838,137.97961364690207,191.48630956678838
2023-05-16,204.10730016303424,130.44529859816203,134.10008949249394,132.1370332429843,137.97961364690207,191.45423233563108
2023-05-17,210.8496316460858,131.6782092445401,135.59244822355163,134.5840135291515,138.4767761476534,194.39636580948152
2023-05-18,221.3299492548244,133.57368757973907,137.82540809230974,137.6718736262178,140.36920752060414,197.89162873370213
2023-05-19,218.43736489933775,133.49822390527564,137.74684840879868,135.45793569492523,140.4574408436236,196.92161817955568
2023-05-22,217.82253937105,134.6891929907907,140.31642013508858,134.01305353671157,139.6876177508809,199.0700675496099
2023-05-23,214.41292869832105,132.2066236141885,137.52242903479197,133.9897439672265,137.57065978506813,197.80343478320987
2023-05-24,213.36491427300408,131.61529041676846,135.65977403575366,136.04055047210767,137.79516169382802,199.78355857551284
2023-05-25,265.36115699107006,136.67694794906998,138.55474955348373,134.00139875196902,138.7173350648408,202.57336821681014
2023-05-26,272.11047603705964,139.59987128234863,139.82270611401296,139.95572248597358,140.6739204191953,210.06899369977373
2023-05-30,280.2501867572881,138.89533608675637,138.76794365792054,141.76183185123764,142.17344259668857,210.4537484118852
2023-05-31,264.3411061525492,137.7127605025956,137.87029196711106,140.50338179892447,142.13334327279844,212.21743077970103
2023-06-01,277.8676411561056,139.46985633555946,138.8240528022918,143.05522847778644,144.41069853417162,218.54256915884832
2023-06-02,274.77247081558994,140.6524708385828,139.89003192621496,144.7797721298448,145.1003106370831,218.54256915884832
2023-06-05,273.6825710177759,140.87890078083564,141.39362452858168,146.00326671792638,144.00174467233768,217.56454544197598
2023-06-06,270.0703210198428,139.93116161323616,142.85233325614706,147.52971458934573,143.70505410693474,217.34809172736198
2023-06-07,261.8598812274321,135.6117905731899,137.45510322258997,141.2607827872609,142.59041879171073,211.31953869008754
2023-06-08,269.09206220851263,136.40016997164565,137.05116555285613,144.7797721298448,144.79559773849192,212.10519734103107
2023-06-09,270.90882857241155,137.04178633946626,137.1521499702896,143.8242842508654,145.1083453123224,212.4018072631577
2023-06-12,275.88394671423185,139.1637335357806,138.7342850526891,147.48310434037165,147.37765355640522,217.29195042777323
2023-06-13,286.64484697903913,140.18696232375189,138.94748775886504,147.58797962306238,146.9927543520849,217.508428722641
2023-06-14,300.44539046208325,141.46600479519304,138.76794365792054,147.3083181292177,147.5059615192127,219.13581358335549
2023-06-15,298.04164214129867,145.97828366389177,140.36129540815082,148.11232936652823,149.157833974976,225.93392520536037
2023-06-16,298.3141570958835,143.55859419619867,138.61085869785498,146.22465428805845,148.28378226104152,225.26853773606646
2023-06-20,306.11227733477284,141.76374706657182,138.12835274287096,146.5625719256238,148.3559585756335,227.9381007759679
2023-06-21,300.78074014293566,139.880839523973,135.2670530338506,145.4556074049755,147.5139838524009,225.78162595306094
2023-06-22,300.6410155542618,142.4598887608098,138.18447048898136,151.6546193886012,149.9516993831813,228.3790459481756
2023-06-23,294.9391641967943,140.4930980964849,137.27557632512372,150.69914039961776,149.6950711155153,231.46544093134582
2023-06-26,283.9196974331907,137.8008468614759,132.78724045542424,148.36868129088788,148.56442816006802,223.240347257535
2023-06-27,292.6122523982409,140.3043935049867,132.7760237875935,150.52434529846784,150.80167175550002,230.11866424756002
2023-06-28,287.3087187983312,140.841175430081,134.8518728910686,150.36121387205642,151.75592211721468,228.7077331014596
2023-06-29,285.2473343914246,140.50568186203924,133.64002547491063,149.03286178127607,152.02854568305293,225.6934565828224
2023-06-30,295.5890075500351,142.8079531214517,134.3132663934525,151.89932541821432,155.54079720516722,230.06254752822505
2023-07-03,296.36460036607366,141.73859250841733,134.53769436919833,151.7361939918029,154.3299679439908,229.29291520273333
2023-07-05,295.69379432401865,141.80567565448067,136.61354347267348,151.92263498769935,153.4238268973034,235.98688028955536
2023-07-06,294.19845585527105,143.11406294827637,134.77333041103583,149.5688663094844,153.80875078572583,234.07886267165853
2023-07-07,296.99345436041267,141.41568270592992,134.06641368378425,151.2234901430836,152.90262208108948,232.9084738888573
2023-07-10,294.7364448613275,139.15532706147215,130.66651607888687,148.1356300460173,151.24272729213794,235.77042657494135
2023-07-11,296.30867319248154,139.42373748345057,131.44075001660136,150.05826058871864,150.81772876392753,239.12941657231434
2023-07-12,306.7691349210392,141.40728920457565,133.44927330787448,152.41202926693362,152.1728859701858,247.98784506451548
2023-07-13,321.2683813577155,143.69696372547958,139.74416363398018,156.4903327072109,152.79033410055635,251.25060336841653
2023-07-14,317.7186993851745,144.7789340499766,140.73159167613144,156.93310784747504,152.91063207222666,247.61102977436863
2023-07-17,324.6503618197428,144.9844256441834,139.86759859055343,155.62805643618373,155.5568418715437,249.01397233799693
2023-07-18,331.86851433477204,150.7547567444605,138.86893667709313,154.77744383989508,155.34834760300706,250.16032163262048
2023-07-19,328.9547272596832,148.90538428841626,136.92773059628286,157.72547319003905,156.4469135677525,253.3349597267905
2023-07-20,318.0750384249286,145.46249197866027,133.75222656017485,151.43324070846512,154.8672050845301,242.52045922059088
2023-07-21,309.6130463667473,144.16245926735633,134.67233739186324,151.47984206744326,153.91297940691754,235.89866175880934
2023-07-24,311.7303312771585,144.72439575060508,136.36669076300524,150.0815701582037,154.56250452798997,233.77421500655217
2023-07-25,319.1860876021698,147.1860397521154,137.1296994311498,150.46609804474318,155.26012662203863,236.06703649706802
2023-07-26,317.5998841451397,141.64632885829116,145.05160871445634,149.3241602798713,155.96579573337763,239.35388344965423
2023-07-27,320.73033901148386,138.68987043845794,145.19747700669112,149.44069034730458,154.93939374117312,249.8877757789252
2023-07-28,326.66976750884584,141.89795227756105,148.76568484122396,154.05500720578624,157.0323093915233,260.92674316246473
2023-07-31,326.5230286871463,140.8705202524355,148.92280420824605,155.7678782931101,157.5294472081725,255.41125376193102
2023-08-01,324.9717897148941,141.04665405133358,147.6099723746546,153.4490828591187,156.85587977163752,258.7060892969894
2023-08-02,309.3335971893995,137.33951563789086,144.052946800996,149.39408898832647,154.42619891609638,251.97208297679163
2023-08-03,311.05253767216544,136.9872739860031,144.1314892810288,150.20974612038353,153.29554361859803,251.0742400476857
2023-08-04,312.2054588868599,137.4569338461715,143.74999354869564,162.63109743711195,145.93426302712746,249.1021171279817
2023-08-07,317.3553194423072,138.43405675498806,147.5875046320365,165.71894864418226,143.41634884856686,253.7758557384907
2023-08-08,312.0936845499383,136.73147327548736,147.44163633980173,163.06222668262956,144.1781372660703,250.63331945573174
2023-08-09,297.34987341042944,135.12953397451295,145.4892135911607,160.6269011812049,142.88713404121577,244.67693404349782
2023-08-10,296.18996463279694,135.42307300873748,145.52289800160955,161.4542042080085,142.71070442132998,245.10182831000003
2023-08-11,285.47795063846854,134.61790660757313,145.3770125058965,161.27942688685053,142.7588631045615,241.81500593766754
2023-08-14,305.72793470309125,135.8885685506142,147.36308525802983,163.79632699147692,144.09983929415316,245.46259269444133
2023-08-15,307.03466231268595,134.97435149661513,145.62386521556473,160.41715061582335,142.4858939612936,242.06351230318512
2023-08-16,303.86228206871334,134.64656386335614,144.4120005959285,157.38756444246968,141.77927451202308,235.92270124698697
2023-08-17,302.870048131507,133.16732276301352,145.78096737910857,156.117450715418,139.71564654883545,228.54734694567304
2023-08-18,302.55560779929374,132.9992062497985,143.0206348840434,155.23188265489773,140.1091111365906,227.07231049776547
2023-08-21,328.18609533649516,135.26855215150283,144.0417215314261,156.93310784747504,141.19310113903555,232.40342341484248
2023-08-22,319.10919773976343,135.51228801463142,144.83840600828037,156.43206767349426,142.30924218448874,230.55956025926022
2023-08-23,329.22726888435557,137.42018146698035,148.53004879938646,157.9119141859355,145.43275612440343,235.88263543335754
2023-08-24,329.5556576723575,134.4658635845868,145.62386521556473,153.62386018027667,141.626714418885,229.87817104476832
2023-08-25,321.55487143817646,135.73081742778882,145.73608350430726,155.27848401387584,143.41731152854945,228.87605867921076
2023-08-28,327.263710358582,136.03337266516823,147.00401425961905,155.1386621569495,144.68600032508962,232.69202017424328
2023-08-29,340.8825238650611,138.01273412209326,150.99864470998205,157.20112344657323,147.8416529659615,238.8888742090151
2023-08-30,344.236554075336,138.17243118804564,152.46857870711733,157.38756444246968,150.67611607007868,236.57206239082907
2023-08-31,344.8724489727883,137.73957559888507,152.79398249855748,160.81332439710937,150.85274316278142,237.20542178947318
2023-09-01,338.96099739726617,138.11778910504066,152.22170879397078,160.9415003592892,152.12946663456088,237.59821424456428
2023-09-05,339.23348568176345,140.17278288483342,152.34516095402233,159.95106590607418,152.3221877618443,240.6205039259274
2023-09-06,328.86999639153714,139.89124383322516,150.87522695688705,157.72547319003905,146.8700620225092,239.83484527498388
2023-09-07,323.13974139082904,138.64311591159424,151.77287004595738,160.6269011812049,142.57420133661944,239.43406423742067
2023-09-08,318.46460839377,140.47537704107543,153.02961854039495,161.069676321469,143.07203030812795,238.8087425817562
2023-09-11,315.7113219055564,142.0176666987315,153.63554224847397,166.74435634162086,144.01952956791345,246.56086301270955
2023-09-12,313.55891248984204,139.42474937387658,151.86263779556006,164.56536498456384,141.56248638517494,241.83103226311934
2023-09-13,317.85666374807005,141.22760081623233,153.39990620663647,168.78350806175953,139.88426365040104,244.556687442102
2023-09-14,318.5275498003877,142.3370608306362,154.9595907498962,168.63202253009464,141.11281609689794,249.89581352190484
2023-09-15,306.78044303816034,138.7734032904212,154.17414874609008,163.58657642609538,140.5266427239104,240.74876369004917
2023-09-18,307.2416221920732,138.28590561825564,155.08302570646944,163.10882804160767,142.90341320656236,242.54449870876854
2023-09-19,304.12490242081714,138.1135988408406,154.8922735394333,160.37054925684524,143.7866720905867,244.5647006048279
2023-09-20,295.17308753469445,134.80205769215425,150.06733441394115,157.64389858683734,140.91207263642625,240.2357246335622
2023-09-21,286.63351219183045,134.2809341227549,146.36445775152603,150.69914039961776,139.65942850626254,237.07716202535147
2023-09-22,290.77751039533337,133.22193890011013,146.1512550453501,150.45443437000466,140.3499786050545,239.76267764994338
2023-09-25,295.05427229465965,133.4446845233759,147.11624975183983,152.9596885798845,141.38580992426796,241.16564479382544
2023-09-26,292.88095353030616,131.17532564871743,144.2661581089111,146.7956231704944,138.07760953230908,239.66649511697895
2023-09-27,296.77337279795086,131.448510117834,146.476641633312,146.7956231704944,136.84905708581218,238.6884959803604
2023-09-28,301.1130227637198,131.80573338412677,148.46274879240184,146.7956231704944,137.05785990562526,243.67484625819404
2023-09-29,303.9781635991177,132.69243480231066,146.8357126317227,148.12398415127075,137.4753914929451,240.66858290228274
2023-10-02,312.9439536111165,135.23490030836064,150.54978875849034,150.85062593128265,139.51491543041485,245.96761858820238
2023-10-03,304.1039130619154,131.70065245527104,148.59738321332762,145.32743144279567,138.4309130859188,241.25381416406398
2023-10-04,307.7657694226913,134.04141446973472,151.7504539137741,147.9841534043484,139.44265272146546,244.97354396562451
2023-10-05,312.28709602485014,134.20950503704134,151.55970174673797,146.77231360100933,140.4463576817728,244.3402091472342
2023-10-06,319.7924053725291,137.52945266003616,154.376117580957,149.10277270973924,142.51800797814863,252.8699750664051
2023-10-09,316.37514038467333,138.60528677720617,155.31864454482866,149.45233624205113,143.72245639892768,255.2188641157484
2023-10-10,320.04395763829973,138.004340620739,154.91468967161657,150.87391772077572,143.24065975174457,258.00864917679195
2023-10-11,327.0880878320659,139.69793384299314,157.70870657713058,153.61221428553014,144.37284546357424,262.80265896895054
2023-10-12,328.05938575054563,139.1684037992853,155.9358021242167,154.1948290627126,145.1035442544605,259.8685140775722
2023-10-13,317.6889355674688,137.72696588742238,154.12926487128874,151.23513603783013,143.61002031378183,252.27673064189796
2023-10-16,322.11947719160776,139.79035316856948,156.0816704164515,154.45118098707226,143.50563124592634,257.45551972642176
2023-10-17,307.04599709989463,139.54663027839504,156.77736187413316,153.19273093475908,142.24497712462548,259.74025431345046
2023-10-18,294.87259565826974,138.72715470877048,154.80252299330888,149.30086849037824,141.19310113903555,254.10454289177466
2023-10-19,294.20872383897773,139.23564262079879,154.5668697479931,149.61546766846254,140.88799329481049,250.7696169628331
2023-10-20,289.2191771797929,137.28151355975334,152.15439158350793,145.8517811862615,138.81634299843466,247.43466645363782
2023-10-23,300.3163872486044,138.39515086540305,153.16425296132073,147.4714495556291,138.91269739105084,251.7316143542537
2023-10-24,305.1241772611367,138.90363877743138,155.7562666250113,149.80190866435902,139.26598860260953,250.56115183069122
2023-10-25,291.9585152122179,143.16494287456925,140.94478578056825,141.44721489316137,137.3870717755682,240.1234666146385
2023-10-26,281.80473282039645,137.7942047089359,137.20825051292172,139.326497459817,134.00658399055786,231.1607932662395
2023-10-27,283.0206754519713,138.60108354005197,137.08481555634845,148.84642078537956,135.0745416686774,237.87877326098544
2023-10-30,287.6398546053507,141.75291464983175,139.65438728263834,154.63762198296874,136.73664568476846,242.6326680790071
2023-10-31,284.97737976524456,142.0891087573992,139.2279904720256,155.08039712323284,137.12208793933536,241.51832227477956
2023-11-01,295.77409795763134,145.43424985741103,141.88734715139645,159.63644894799788,139.69155486516865,250.00003379784891
2023-11-02,304.0271032097717,146.3798225416625,143.05430209101397,160.88325310556453,142.5822483539098,249.2143751469054
2023-11-03,314.502340166832,148.26250954404023,144.86085654742018,161.5008233469786,141.8434902036821,252.204612177365
2023-11-06,319.71551551012277,149.83003159757584,146.1512550453501,162.82918432775494,143.915152842109,253.16660956878553
2023-11-07,321.14111169992736,151.5110151083673,146.959147588296,166.2899175266182,145.9948501557752,255.58764166291562
2023-11-08,325.46675986973264,152.6330588883255,147.9353589626165,165.55581721777085,146.85400501408165,256.35724940815356
2023-11-09,328.0942968951484,151.57824095692663,146.14003837751932,163.83128245570848,146.46858744361688,256.9745087405846
2023-11-10,337.7729250071809,155.3520603548531,148.776918712533,167.28035197983323,149.86960005953804,263.5642289712088
2023-11-13,339.764540465057,154.09551298595957,148.2158788792553,166.15007788969987,148.58315105152425,263.90092928721873
2023-11-14,347.0042957510016,155.6041767463818,149.93266558605885,169.89047258240782,150.705774018773,269.60880833393503
2023-11-15,341.63739402307334,155.6673680061912,151.05474525261414,166.86086862906217,151.16405905868905,266.7227669991658
2023-11-16,345.7743779935506,158.40450566266207,153.64675891630472,166.4297393835446,152.5309041873,267.90925584818007
2023-11-17,344.5025348584712,155.74315600450913,151.829004995546,169.168018168307,152.51482249477039,268.5906696429257
2023-11-20,352.2664107049464,158.9392897528127,152.88375024816017,170.27500046894727,153.92988801686812,272.54290406480584
2023-11-21,349.01687389769194,157.0991021483277,153.69165999458434,167.67652576111922,153.27864735069852,270.1459114588534
2023-11-22,340.43539984728704,159.1119338270364,155.39721283007884,170.95083574407798,153.8173285112117,273.76139640421616
2023-11-24,333.86655728374757,158.93507354270426,153.37747287097494,170.9857912083096,152.7399415060832,271.1479992441572
2023-11-27,337.1230549838526,159.4319895796043,153.06328574736554,172.13935708793602,152.59521861536751,268.3180992089767
2023-11-28,334.18099761596085,161.15427897650397,153.94972937208337,171.32369995587894,153.0856793823939,271.75724541386234
2023-11-29,336.4102435539065,159.53303591971013,151.46993399713529,170.49639692907533,152.25751541429614,266.31394821862295
2023-11-30,326.8364288859451,159.5583072344522,148.70958429859184,170.22838132997717,152.72387215560462,262.2655066835246
2023-12-01,326.80151774134225,157.70548397259617,147.95779229827804,171.32369995587894,153.7610487583835,260.3976532002722
2023-12-04,318.03137949160947,155.4441813024833,145.05160871445634,168.771844387021,152.30576049188505,256.54961447408243
2023-12-05,325.4395030402566,156.86748302440296,146.9815981274358,171.148922634721,155.51381748155265,255.16272281615966
2023-12-06,318.01041680279525,155.30099880720172,145.8931684643728,168.39898017522003,154.6293984447288,254.48934676439364
2023-12-07,325.64915659848634,156.20636830645023,153.64675891630472,171.148922634721,156.1972338748326,261.8165729288448
2023-12-08,332.0089323457222,157.5875727920567,151.46993399713529,171.77813877088158,157.3550293426093,266.7548688105769
2023-12-11,325.8657977196542,156.35374106593184,149.56237791981735,169.99533897510258,155.32086185529909,260.76640616718566
2023-12-12,333.06424103998404,157.6507251330036,148.6983848342393,171.84804969934478,156.55100642638254,267.93329533635773
2023-12-13,336.076440738132,157.64650892289518,148.75448537687143,173.43276260448079,159.16407781860667,268.350176440134
2023-12-14,337.90744892878257,154.09243839581896,148.04756004788072,171.77813877088158,159.28468434155343,267.09156912658676
2023-12-15,341.6813996675307,156.11374141360704,148.78815258384202,174.74947769051062,158.85051566940632,268.49451169021506
2023-12-18,349.97707705975085,156.92222889104139,152.37881095751464,179.52692597540369,157.49975223332498,276.2706470290923
2023-12-19,346.6713730481163,157.17910635675403,153.33257179269532,179.20064534258887,158.3439732098503,280.872193434307
2023-12-20,336.23712801562016,156.0673890483229,155.22887679522597,177.25471412039846,156.64748423950934,280.0064523166121
2023-12-21,342.38028931177575,157.2970175372935,157.5628382848958,179.25891037630552,156.52689005861365,283.86243046476653
2023-12-22,341.2620925510712,157.73493257858416,158.76345182974475,178.7695160970713,155.65854037226833,283.3012878516705
2023-12-26,344.4000150419294,157.76863631354308,158.7971362401936,178.75787020232474,155.21633702488197,284.45565030901986
2023-12-27,345.3644854179963,157.5202042410014,157.5067205387854,178.67629559912305,155.2967331454791,286.86068065795195
2023-12-28,346.0983128769317,158.02970404345575,157.34961837524156,178.72291473809315,155.64247102178976,287.253473113043
2023-12-29,346.0983128769317,158.34975979602365,156.74371187064085,177.0449813350089,154.7982377032134,283.75821018882243
2024-01-02,336.6354991133529,156.1726775444455,155.0381418316681,174.70285855154052,149.25852042751384,277.60948429091343
2024-01-03,332.44922882108347,156.05896960106026,155.87971878506283,173.0016333589632,148.14093536208676,276.1504495882039
2024-01-04,335.4474267232677,154.9388587912748,153.04083520822573,168.45724520893668,146.25953778278262,278.2748225996998
2024-01-05,343.12803855641215,154.8588416098943,152.3002598757427,169.23794687676218,145.6725868605784,282.1468762338135
2024-01-08,365.1846276815773,157.7812719709141,155.78995103546015,173.73573366781054,149.19420599944632,287.5260681272458
2024-01-09,371.383716151325,158.24448427285523,158.15752812166573,176.38079195462475,148.856515140426,286.54000666739387
2024-01-10,379.8401074911209,161.18372758249194,159.64991265794083,179.1307344141257,149.7007608010534,296.9937673694059
2024-01-11,383.1388239398173,161.96698266404675,159.42549328393412,180.8203137119565,149.21832236721525,296.3524439685434
2024-01-12,382.35605687022786,163.5840095107322,160.0650841989837,180.16778800631084,149.48365178087775,300.2164352794237
2024-01-16,394.0413423695146,164.3419673316365,159.88554869977833,178.46656281373353,147.64245226187217,294.5807484380017
2024-01-17,391.7420341115754,164.00509863045173,158.7410184940832,176.77698351590274,146.87861506389294,295.31026578935644
2024-01-18,399.10820561250654,165.85793486526194,160.9963944950246,178.86273659501953,151.66256684300578,301.5311838925597
2024-01-19,415.7694626964152,167.87922491009581,164.25043240942628,181.00675470785293,154.01833115475563,307.3993999345551
2024-01-22,416.90864881602147,166.9696392007389,163.81282753272188,180.3542290022073,155.89170640087156,306.0606118332414
2024-01-23,418.4391651302474,167.97605504009323,164.9910077419093,181.79912005041695,156.92889534570148,308.8023179179296
2024-01-24,428.8454599109913,169.51728091550657,166.8536627409476,182.78955450363196,156.38216716789793,313.2115238374692
2024-01-25,430.62758183116284,170.49000599285617,170.41067111112793,183.81496220107053,156.1168254121844,315.19962392211744
2024-01-26,426.5321765271759,170.09418818787873,170.76972490606042,185.4113210009531,154.70979456532592,315.96925624760917
2024-01-29,436.5540753360631,172.5323251964154,172.2508927745047,187.9049115360944,154.15501937023203,321.4846719073816
2024-01-30,438.7136056651533,172.0565031830116,169.95061569528374,185.27149914402673,151.18818776850904,320.7150641621436
2024-01-31,429.99864782656124,167.42021584530892,157.20376728648503,180.84362328144155,148.26154188503355,312.7625655025356
2024-02-01,440.48175245944884,170.03100990102348,158.3931813669815,185.59776199684956,150.2394419615666,316.48227072384236
2024-02-02,462.37760096695075,173.16399130838016,159.76211374320505,200.198086890643,149.42737202804955,380.78404249925876
2024-02-05,484.5460444393001,170.8184811926867,161.22081386903128,198.45024255909559,150.89872964502658,368.29410273624313
2024-02-06,476.7955036365998,170.75108669572305,161.69210315618452,197.09857200883417,152.20124800351897,364.53420880003813
2024-02-07,489.9064119957787,174.35568687932928,163.30787103859808,198.70659448345523,152.28969114140648,376.4550419477393
2024-02-08,486.70546808804005,174.38095819407138,163.7230597831192,197.9025832461447,151.41331912187295,376.78370452076956
2024-02-09,504.12162200004855,177.09282453580013,167.19030040369682,203.2742922029668,152.0331986363021,375.2685530987251
2024-02-12,504.92529841827707,174.86522560064614,165.54083090735617,200.81565713205705,150.66461327849183,375.90183875660784
2024-02-13,504.0866841853582,171.1006040272331,162.8590494940629,196.50431133690515,148.9659397651135,368.86325851206504
2024-02-14,516.4708326588024,172.7543573072013,163.75672699008976,199.23094422692108,148.24947135909804,379.4132017470415
2024-02-15,507.79067928446284,171.51826828704918,160.1997358233877,197.85598188716656,148.01599677921834,388.0311124561972
2024-02-16,507.47623895224956,170.4635800851921,157.67503937016002,197.51805535960523,146.76817839101864,379.4452789781988
2024-02-20,485.3847120123941,169.92779707756964,158.3482802887019,194.68655607689456,146.16439291117018,378.18664708439786
2024-02-21,471.5469370871304,169.67043961255234,159.95284870676292,196.44604630318852,146.77623775036005,375.60252500656753
2024-02-22,548.8847502839698,173.66560355469323,161.68086928487548,203.42577773463168,148.42659213384312,390.12815222551154
2024-02-23,550.8346003847427,173.11295570663714,161.53501819611898,203.90352611911936,146.93726449052446,388.4428317066838
2024-02-26,552.7565535739384,171.9317163367569,154.36490091312623,203.6005550557896,145.84237645699457,386.6050398737804
2024-02-27,550.0238297232258,171.90640610315225,155.8348349102615,202.21392904129664,147.0258063648204,390.866420147205
2024-02-28,542.769565909654,172.00763406461658,153.02961854039495,201.77115390103245,146.05169764295212,388.43476938345043
2024-02-29,552.8963048326998,174.505161257388,155.36354562310825,205.9659696287511,145.51231298552858,393.33818588509655
2024-03-01,575.0297038100088,175.28984336390258,153.8823949581422,207.66721260132041,144.6348178393487,403.1048301734905
2024-03-04,595.7025421127349,175.04517344807306,149.62971233375848,206.92146639772653,140.96381051446483,399.8064796621444
2024-03-05,600.8115707641433,169.8687182442352,148.86668646213565,202.88976431642732,136.95464333262038,393.41040267064454
2024-03-06,619.9337568365436,169.6324807486225,147.44163633980173,202.17897357706502,136.14959602615576,398.1211837235705
2024-03-07,647.6735282578912,172.60672508863607,150.78545920728436,206.03589833720628,136.0529947925184,411.04172037196065
2024-03-08,611.7425728473439,171.37482633268402,151.94120608081022,204.32300946989042,137.44573354425077,406.034034433863
2024-03-11,599.4836137648589,170.65764250676654,154.47710199839045,200.37288199179292,139.07192219176068,388.089711781162
2024-03-12,642.389810533031,175.19702187674667,155.40841229443134,204.3696108288686,139.45835181041227,401.05840114666887
2024-03-13,635.2259049760783,175.12110414888696,156.8558957524268,205.7329272738765,137.7677746825285,397.703909335734
2024-03-14,614.6499857715083,179.3904774235246,160.57002348962922,208.28478284273447,139.27318401837684,394.70243912930596
2024-03-15,613.9021565166092,175.67796820705146,158.41561470264304,203.2393367387352,138.9672615987819,388.49899758652634
2024-03-18,618.2214305354901,176.05764765702935,165.70914973873076,203.30924766719835,139.85282844635424,398.83541215708624
2024-03-19,624.8121959109956,177.78312840065723,164.97979107407852,204.96387150079758,141.7527391022466,398.2415532262351
2024-03-20,631.6195757375813,179.3947066065872,166.89856381922723,207.5856379981187,143.8378052081234,405.68892767106706
2024-03-21,639.0489553460056,181.1412813737113,165.61939919260635,207.5856379981187,137.96095246570113,407.486555369326
2024-03-22,658.9958872057989,180.87550446143138,169.1763903593084,208.42460469966082,138.6935642745015,408.94713862802246
2024-03-25,663.979086384147,178.39485508204777,168.39093115202402,209.40341103812128,137.54234711993917,403.68263819863614
2024-03-26,646.9186580998789,177.88438230802996,169.06417207056592,207.76043309926862,136.62459220320545,397.9606746665151
2024-03-27,630.766879698436,177.79157379382823,169.28857424109435,209.54323289504765,139.52275263283718,396.3315691880374
2024-03-28,631.5077747305721,177.49204125477266,169.3559086550355,210.18411270594677,138.0495190240992,389.6867154482286
2024-04-01,631.5566343309636,179.11626809102785,174.4726187719538,210.871593875824,136.88220783495618,394.3172419726268
2024-04-02,625.1895776498266,177.79579000393665,173.42907298369215,210.54533102300118,135.9241808056175,399.14839252821736
2024-04-03,621.7789001735956,177.37813871707473,173.83301065342596,212.54952727890824,136.57627307331018,406.6680083388511
2024-04-04,600.3991445302718,176.2939110985504,168.90708711050036,209.74131978569065,135.90809911308787,410.02254931029347
2024-04-05,615.0972964798951,179.51705453745612,171.11757923664038,215.64904216071707,136.51993161022665,423.19990044997223
2024-04-08,608.9818454047039,179.12470051124467,173.7544767751323,215.78886401764345,135.6102237107833,416.7075180242392
2024-04-09,596.548143908592,179.83768110000793,175.71811619160408,216.34816922534088,136.592391791993,414.8215734742192
2024-04-10,608.3248544679998,178.56360727001757,175.20197743660603,216.67443207816368,135.07085139541078,417.172969709446
2024-04-11,633.3249144756968,180.53377090242918,178.8711868920506,220.2866508086918,140.91547904251848,419.8453840587836
2024-04-12,616.3413493837476,177.9898524255111,176.98608135387246,216.88418264354522,142.1311093615568,410.8089945293573
2024-04-15,601.0701105928521,174.505161257388,173.76571064644133,213.95944508289432,139.0236277459675,401.4436474638555
2024-04-16,610.9527648746413,174.90171852075372,173.24952028100847,213.6098904405784,136.35894189621544,401.06646346990226
2024-04-17,587.3296281469703,173.7457764115239,174.45016823281398,211.2328121928784,135.24795982810485,396.58034593634636
2024-04-18,591.7746249585614,170.5521723892854,175.05610914437125,208.83244215568536,134.47510059080165,402.70355753085204
2024-04-19,532.5699109672468,168.37950094212837,172.9016831539068,203.48404276834833,132.83280556665997,386.0673714030255
2024-04-22,555.7597654525821,169.15573765547194,175.35904519319334,206.513628941702,133.50905122827476,386.5970512913083
2024-04-23,576.0631163623921,171.9443649670821,177.58077119064242,209.20530636748632,134.36240532258356,398.1292214665501
2024-04-24,556.8711080007862,172.57295648890627,178.55701697191947,205.7678827381081,136.0691135112012,396.0426774655915
2024-04-25,577.5239437378501,168.3457582883069,175.04487527306222,202.36541457296147,136.76950022468702,354.21541827142437
2024-04-26,613.1892650764005,171.41701437967646,192.94208380227147,209.29852686543455,136.29451638968843,355.74821831566885
2024-04-29,613.3430448012132,169.69997902921955,186.43399076998983,210.85994798107745,139.67572001366017,347.1853673749364
2024-04-30,603.8727634131204,164.24931449288496,182.65259743275934,203.91517201386588,137.12370474802407,345.21919287664247
2024-05-01,580.3823903812729,166.61606133457062,183.8644620523956,208.5760902313257,136.29451638968843,352.4579055473024
2024-05-02,599.7841856515462,167.83948875144333,186.96139780325345,215.24120470469254,139.29733741229893,354.45618185700744
2024-05-03,620.5558099585573,171.56044336108744,187.65708926093515,216.97740314149345,147.62959184466885,362.7060524266088
2024-05-06,643.9762540208491,174.4629602374414,188.6220667639466,219.8788133526673,146.28515988078072,373.71660503680124
2024-05-07,632.891525553011,172.69108820966682,192.1566245949871,219.94872428113047,146.8406262307339,375.77107180660255
2024-05-08,631.8991315952793,173.19734477357622,190.05835075758958,219.06315622061024,147.11436058116746,379.270046349141
2024-05-09,620.2622789749831,173.94828422626932,190.70914113699163,220.81100055215765,148.58759418990542,381.5331503128605
2024-05-10,628.1669195435468,174.9692168013508,189.23920713985635,218.4572318739427,147.56380871252537,382.1591356353765
2024-05-13,631.8082932770843,174.53890391120947,189.78904750878152,217.39688649226449,150.16762356645535,375.58649868111576
2024-05-14,638.4968845337229,175.73703406743172,191.13554654934353,217.97950126944698,151.09467204763635,378.6681496753102
2024-05-15,661.3791262292577,178.80961340012763,193.570440846012,216.7210512171338,152.94075901886123,386.4445553969788
2024-05-16,659.4851232918141,177.92629792298462,195.4443125128811,213.97110875763286,153.0374836730092,379.77563758873856
2024-05-17,646.3455712586068,177.59664218432377,197.55385462854423,215.2178951352075,153.06166175103343,378.7163269726806
2024-05-20,662.427527370844,179.7647601245637,198.51883213155568,213.86622458494608,154.0048536349994,376.25257439751493
2024-05-21,666.6629506344681,181.32854596729558,199.5623951232956,213.41178576994344,155.0609012338472,372.8739939378949
2024-05-22,663.615679771192,181.95403695307078,197.91292562695494,213.38849398045036,153.89198557806648,375.4019009753752
2024-05-23,725.4623326351993,180.46636343251134,194.7374387943252,210.96481437377227,150.65130854745044,373.79685956532893
2024-05-24,744.1232328733365,181.80189014645103,196.353223880217,210.61524195146438,153.15033938789105,383.7801787906208
2024-05-28,796.0662687667404,181.86951815658992,197.93534175913823,212.2465562155785,153.15839874723244,385.14448119533773
2024-05-29,802.5241637660723,181.3834864282467,197.37431912933886,212.0950884639056,153.40024123773,380.68245231046706
2024-05-30,772.2962865370198,175.2552315221511,193.12161930147684,208.94897222311863,154.20638698673883,374.81605520725
2024-05-31,766.2367359653332,175.4496442134884,193.55922417818124,205.59310541695015,154.980282956331,374.63949524448907
2024-06-03,803.7473073212858,174.76919979380787,194.31103338197332,207.8070344582468,156.41520683858238,383.19435760274934
2024-06-04,813.7906222104755,175.84692796228813,195.00672483965496,208.9722640126117,156.6731803898138,382.79310954036464
2024-06-05,855.7461903780192,179.2026679658648,196.82449596389196,211.2328121928784,157.8984992189333,397.2945743698622
2024-06-06,845.6679376741389,179.41820062660665,198.30562942537975,215.56746755751539,156.77796440330317,396.2513146595097
2024-06-07,844.8991457304256,179.1350529286801,195.7584996364905,214.7518104254583,158.72076368662496,395.60930301154195
2024-06-10,851.20331434512,180.834042899873,196.60103998466826,217.96783759470847,155.68162000774834,403.34559375907355
2024-06-11,845.1223210230432,182.86693076574355,198.40965885846663,218.16592448535147,166.99175217753893,407.2538541069763
2024-06-12,875.1080338571427,186.40863806748646,199.72402180162393,217.76975070406544,171.76410242865649,408.3532796971713
2024-06-13,905.9326276250367,186.6284128842451,196.7695652577821,214.20415111250742,172.70729431262242,404.54933794622764
2024-06-14,921.799196110221,187.04682957540365,198.60063467072027,214.00606422186442,171.29654850839523,404.99923033080415
2024-06-17,915.5084692196519,189.49812115947853,199.10615887962692,214.47214893161362,174.66619997257595,406.98342215510445
2024-06-18,947.6609666466553,188.6401678077569,196.69091095514057,213.01561198865744,172.7475787672784,401.2477182611314
2024-06-20,914.1105299106366,188.3696817131097,198.05019218005572,216.8492271793136,169.03128845705973,403.0230762494834
2024-06-21,884.6838754517579,190.0940467826782,201.79101971553015,220.32160627292342,167.26584444745316,397.46412896030137
2024-06-24,825.5512240370031,189.20227293941002,201.33043099185969,216.23165693789957,167.78983856720635,400.7817995511031
2024-06-25,881.3288317781561,190.5885239041924,206.733837074115,217.12887089316632,168.53955645877429,410.1725871792469
2024-06-26,883.495669711235,191.09991775795697,206.5653462079577,225.60009473179727,171.90920792295498,412.1968939776842
2024-06-27,866.6504690334946,191.3915497679171,208.28411131476207,230.54067444310178,172.5944262556895,417.370250826127
2024-06-28,863.5051589283853,188.89797932617049,204.62188647149438,225.18061138102618,169.78904102386693,405.04743220842823
2024-07-01,868.8174136469238,193.0313700950963,205.56553166145343,229.78326456476935,174.7306871893583,405.4169225829545
2024-07-02,857.4241122661334,194.10909826357656,208.09313550250846,233.0459108729896,177.5683098585465,409.2889270565607
2024-07-03,896.6362885479444,194.73883140536856,208.74468283495432,230.237703379772,178.600167037319,409.6584420113407
2024-07-05,879.5115320125061,197.60853968060198,214.1144045067608,233.0459108729896,182.46156284183627,433.7176927130302
2024-07-08,896.076963471848,197.05066373201146,212.35068671124205,232.21859006619403,183.65465657564116,425.2106635285876
2024-07-09,918.3043478376826,194.218992158433,212.29451735469684,232.27685509991068,184.34792192566604,425.7568859276511
2024-07-10,942.9779126335937,197.05489291507405,214.76593463572837,232.80120484337647,187.81432272809684,429.5244489030294
2024-07-11,890.4853662563119,192.17342971632885,208.46385325570665,227.27802813488148,183.4531232239017,411.8595299948228
2024-07-12,903.3464825754983,191.68738501503145,207.90214248677654,226.62550242923584,185.84734536675083,400.74964857918457
2024-07-15,897.7546186590868,191.86066476400995,209.54225329093936,224.56304113961215,188.95904796380225,398.57269840489516
2024-07-16,883.2161138535369,189.98416586077593,206.61028169319385,224.91261356192004,189.2976274504988,393.4556057573099
2024-07-17,824.7124497835589,187.4483295343118,203.35249342052975,218.98158161740855,184.50915848069843,371.12343742558716
2024-07-18,846.3804557331221,186.11701903048055,199.6116658850553,214.1109306145592,180.72029691025392,382.2573829096568
2024-07-19,824.2930359867491,184.7392264318233,199.5779642711282,213.38849398045036,180.82509326579435,383.0125128854299
2024-07-22,863.5051589283853,187.203205565086,204.0826778521389,212.71265870531968,180.54295397858974,391.5356667163393
2024-07-23,856.8649472105623,188.0104346659649,204.217467104369,217.21044549636807,181.3894088663567,392.5719456346238
2024-07-24,798.5710167090765,181.2693633503277,193.92743022355234,210.70846244941256,176.1736704309511,370.545064054605
2024-07-25,784.8013038472401,176.83167896816235,187.91737788713073,209.5665424645327,175.32724022728627,364.2310113699036
2024-07-26,790.2533098245401,179.73518178903396,187.60284669395597,212.654393671603,175.70612885274096,374.10376861378126
2024-07-29,779.9784452352422,180.35224035459234,190.44496452470747,213.4700508036601,175.93184028250462,374.1117326159996
2024-07-30,725.0396117475335,178.74199836294292,191.29872154071597,211.7338701468512,176.38328782613405,372.0874258175623
2024-07-31,817.9323801266243,176.81053305284942,192.70292104738905,217.8746170967602,179.02741181882215,381.43800015055405
2024-08-01,763.3430848063445,176.28645164989706,191.8267134922407,214.48381260635213,176.02856493665257,399.8419243880669
2024-08-02,749.7830521728254,172.64332179237707,187.220912272927,195.642035065878,177.23777738914032,392.1301401535344
2024-08-05,702.1134177477164,167.00534077064148,178.89673405727865,187.62526782224168,168.70076832970457,382.16097915440855
2024-08-06,728.6742112788334,168.8902980400007,177.8182824116111,188.68561320391987,167.05623939432127,396.90984423800444
2024-08-07,691.3493704125782,168.39159173542387,178.5484840466985,189.66441954238033,169.1441565139926,392.7567154021406
2024-08-08,733.7068034593237,170.19203020830219,182.0196814672778,193.19506366970677,171.95757642105448,409.3933685547886
2024-08-09,732.1690595513718,171.59940114248914,183.86201915848156,194.52342465048312,174.31957346858903,415.9323551416514
2024-08-12,762.0150211267098,171.93329903716682,182.31176212131274,194.36029322407174,175.56245503636524,414.4703216479831
2024-08-13,811.7815111751668,174.97628706137874,184.41247885262433,198.35702206114735,178.58091343766728,424.58406369972766
2024-08-14,825.3415438086857,176.18079991105742,180.15487603345593,198.20555430947445,178.94409063212407,423.15413201747043
2024-08-15,858.752229285943,178.26393202846603,181.19964326867463,206.93311229247306,181.36530484063883,431.6452331974762
2024-08-16,870.77441133116,177.1800287337962,183.06443149901818,206.315542051059,182.43871770532638,423.68432809108214
2024-08-19,908.6584172529863,178.47562469477072,187.23212894075775,207.66721260132041,182.3095704830469,425.17851255666903
2024-08-20,889.4369117745504,179.8601502566472,187.80505637751864,208.43626837439933,182.80996660117563,423.1300433687852
2024-08-21,898.1739791157212,179.580712823616,186.310968696895,209.86949574787047,182.72119022790955,429.9019524402815
2024-08-22,864.9030982374006,175.9436932275147,184.00805948549902,205.23188709989574,181.211954856233,427.3072608533342
2024-08-23,904.2549724377981,176.46872165612214,186.05258965678718,206.2922324815739,183.0762957209739,424.1502222208567
2024-08-26,883.9150301678694,175.0715085450579,186.65920150399688,204.49778679104838,183.35069654216457,418.62345048384697
2024-08-27,896.776146487056,175.21969860065283,184.99662295721598,201.72453476206238,184.03671710821794,417.00071129109324
2024-08-28,877.9738414447293,173.84787356091832,182.9408589146188,199.0212114415315,182.7938231983907,415.1370856114876
2024-08-29,821.9165178253531,174.9148471503836,181.73885188803013,200.5593052076974,185.45716376457736,416.29383235345176
2024-08-30,834.3582203477299,176.6169117117171,183.53625409399774,207.9934754541432,184.8195734068788,418.77604469919146
2024-09-03,754.8855199826965,173.35673048862827,176.77354958334897,205.37170895682212,179.79152054192465,411.10442459930346
2024-09-04,742.373995171114,173.12809514416486,175.75130170118317,201.96924079167547,178.24193900533683,411.8916563864876
2024-09-05,749.3636917161907,172.9121732947976,176.6387431276405,207.28268471478094,179.4767612137716,415.2013383948172
2024-09-06,718.7488315167892,170.07963253328907,169.5390396811989,199.70869261140876,178.21772390115942,401.8743426702452
2024-09-09,744.191348276939,171.7816841216684,167.27807254982042,204.38125672361508,178.29036921369163,405.5053131754769
2024-09-10,755.5844896372041,175.37211783931036,167.22183437936215,209.2169700422248,177.64469481254955,405.5053131754769
2024-09-11,817.163588182911,179.11497079560988,170.0339837509707,215.00816234981795,179.70274416865857,411.1606396396534
2024-09-12,832.8218099441555,180.79163431265948,174.0047529769759,217.8979266662453,179.79152054192465,422.22229459741385
2024-09-13,832.5421474061073,182.3116234620806,177.12062975740687,217.30366599431625,179.5735969463791,421.43508739048343
2024-09-16,816.3247072491165,182.6291754344918,177.79552220986247,215.43929159533553,174.58590258838728,428.80046210877066
2024-09-17,808.0063069423039,184.24233634083166,179.21286517393233,217.75810480931895,174.96521084357795,431.2448208637194
2024-09-18,792.4878897799957,182.40478224604516,179.76404741416238,217.23373728586114,178.11280412510843,432.55553831523866
2024-09-19,823.9441912415966,185.74116660198567,182.3849629213433,221.24212979767526,184.71465363082777,449.5618293239355
2024-09-20,810.8723278905908,184.29313842939948,184.01600749245887,223.25798972832084,184.17391134778777,451.37098516120807
2024-09-23,812.6898410169412,183.54797194131632,182.05875056642452,225.91471168987357,182.77767979560576,453.83146856262357
2024-09-24,844.9149877624304,181.71040487357564,182.55367743271808,226.0079321878218,183.5040465265704,452.96309735777635
2024-09-25,863.3693548425811,182.95519874598236,181.6537978914729,224.3416446794841,182.69697512373216,456.96736817686724
2024-09-26,867.0742033844874,182.61647491234984,183.04862150248985,222.7452858796015,183.62510970540635,456.5894713555549
2024-09-27,848.6198896445117,181.2234909843482,184.4209601674105,219.02820075637862,183.8430086168498,456.2035122110092
2024-09-30,848.8994455022098,182.18883445076955,186.55819988308514,217.1172249984198,188.0478590182318,460.28825878091163
2024-10-01,817.8626111775937,178.11997115593368,187.8405471531856,215.71895308918027,182.56784024350372,463.52867363414447
2024-10-02,830.794616589488,176.6126825286545,186.56945095787248,215.2878060636707,183.02786551261906,460.5857781724274
2024-10-03,858.7557497374996,176.36287532296978,186.56945095787248,212.02517753544242,182.13201773651474,468.5944181316242
2024-10-04,873.225605737696,176.15964102279028,187.91928747321847,217.32695778380932,183.04402125745506,479.1841813776925
2024-10-07,892.7984096093392,173.39908718402506,183.32984676173766,210.673506985181,178.91988786999772,470.2106681373852
2024-10-08,928.9381384652271,175.58805266163182,184.904653162395,212.91074559596268,182.2127347504394,476.7317111390029
2024-10-09,927.2603765976382,176.7523882722159,182.07000164121183,215.76555444815838,185.2553959138678,474.8179909022336
2024-10-10,942.3593799631366,176.06648223882573,182.3174736760977,217.49008921022076,184.85184787039762,469.44671385051214
2024-10-11,942.2896110141061,176.2697295119594,183.62230589229455,220.01865298958566,183.64932480958376,474.36772981385064
2024-10-14,965.1479029710212,177.46370832284416,185.55707787223253,218.52714280240585,186.6758425702272,474.7455774746554
2024-10-15,919.9207685039069,177.2943464060279,186.11951118724988,218.70193790355583,188.73387958428515,471.40870970566687
2024-10-16,948.7206225651877,176.1850420670742,185.7820477575438,217.76975070406544,187.06323486886137,463.7859797305082
2024-10-17,957.1788808111121,176.43909142877564,183.27359138780116,218.51549690765935,187.3618507942295,463.8985572927308
2024-10-18,964.6584535243054,177.0487683834058,183.8247908315095,220.21673988022866,189.66201416595936,463.52867363414447
2024-10-21,1004.5730132318305,177.31128908418663,184.55595586137989,220.3099603781769,190.8564778674318,462.47536060000397
2024-10-22,1003.7341856382111,181.00756913498094,185.75954560796922,221.04404290703226,190.35609409135415,467.98330386263325
2024-10-23,975.563318921707,179.77547578471615,183.10487687642637,215.22955880994604,186.2400200632382,453.25255442605874
2024-10-24,981.5050943867734,179.83050705634653,183.03737042770257,217.17549003213645,186.08668242088345,456.54124489767696
2024-10-25,989.4040275566012,181.27853522893275,185.90577517324763,218.86506932996724,186.76461894349328,460.939537184547
2024-10-28,982.2740463510119,180.61804321278063,187.5368197443632,219.51759503561289,188.37069004777732,464.88756838303414
2024-10-29,987.3768875421086,182.88746695221002,190.8663981318399,222.36075799306207,188.5886013012718,477.04535517698554
2024-10-30,974.0254149932298,183.13303200187795,196.24324204364936,224.5746870343587,185.70736182364172,475.8552284504147
2024-10-31,928.029435242227,172.0484340055118,192.4749749603374,217.19878182162952,182.3257262278829,456.3804408775765
2024-11-01,946.4837489822028,173.75048559389114,192.6774254925958,230.63387716105802,179.90451201936813,456.0426590304012
2024-11-04,951.0274784579035,172.9417905491899,190.37147126554635,228.12864073117018,179.17813294635243,450.83228431979524
2024-11-05,978.0099260731843,174.2119984388347,190.93392178404198,232.46329609580712,180.34032218430607,460.28019645767813
2024-11-06,1017.8545034709784,177.90403633361223,198.54921347417707,241.30738414623903,179.7511620349623,459.97466390343646
2024-11-07,1040.7127954278935,180.1269001404906,203.3186369752982,244.75647145035575,183.59282289983648,475.77490018112576
2024-11-08,1031.9748213037458,178.903265156351,200.61896394460618,242.5774800932987,183.37467714737187,473.8772554303157
2024-11-11,1015.4077896391511,176.98526577269607,202.86869720467564,241.01607675764777,181.168942808293,468.9160261718252
2024-11-12,1036.5883197284772,179.1107286395931,204.29723963309797,243.42811046957937,181.168942808293,470.2427699487963
2024-11-13,1022.4681085760601,180.02952514641763,201.21515048398547,249.47565470153216,181.88802772913294,466.36710301737975
2024-11-14,1025.893187899568,180.74506140715428,197.50308716417518,246.42274117870144,184.39271122895852,464.0834991220241
2024-11-15,992.4797287332055,175.71084167294288,194.02727921142008,236.0871607210818,181.79106857601488,445.5253583724185
2024-11-18,979.6874745800728,176.03262282841666,197.18812588404373,235.02679755941162,184.2311167544454,445.7826644687823
2024-11-19,1027.6408253965376,176.89213293463985,200.36024083493297,238.4176198298117,184.44117846346649,451.1619546832296
2024-11-20,1019.8117678560903,175.9182921832308,197.9530269347978,236.4017776791581,185.02290869807283,454.724026737171
2024-11-21,1025.2642005547912,175.1588943644125,188.56046110826873,231.15824468451584,184.63509676970264,452.7700932052498
2024-11-22,992.269995164713,176.9110345288797,185.33209078344294,229.69004406682112,185.72583787407677,449.59398029585407
2024-11-25,950.8177448894111,177.6704453206522,188.5829288508868,234.73549017082038,188.14971796562023,454.39430721322907
2024-11-26,957.1090051817313,181.5735142610712,190.23649277505524,242.2046158814978,189.9191484577188,461.17270547171813
2024-11-27,946.064281845218,179.4522805772368,190.36022019075904,239.73433491584154,189.81411760320825,457.68299768484735
2024-11-29,966.4060910212751,179.65167488297908,190.04525891062758,242.23957134572936,191.75322661326345,461.7999443871759
2024-12-02,969.0623250608945,182.84202269371846,192.90241258138536,245.5255272234347,193.5792083833135,476.683484681125
2024-12-03,980.4565332246616,182.9353501260874,192.73366366305405,248.70659892845325,196.05156805141598,493.42445643073205
2024-12-04,1014.5690687258818,185.57416576283015,196.14199957404188,254.20648384745513,196.34243316871917,493.5289716697213
2024-12-05,1014.0797259595164,187.78024256699996,194.19599372279487,256.9913817711877,196.3666729569987,489.6291669291121
2024-12-06,995.7638833140998,188.18328630745552,196.52448450637542,264.5420643050748,196.2050784824856,501.5617494381107
2024-12-09,970.3874016907236,189.2226793963347,197.49295431547532,263.44674567917303,199.36421158175602,493.3601053263874
2024-12-10,944.242074783459,188.08146159009888,208.52922647312525,262.2232510910914,200.18832735710652,497.9836018982101
2024-12-11,973.8827833650129,190.48270351694842,220.04974213706424,268.3057507872758,199.15413753068387,508.7261068411455
2024-12-12,960.1109902363476,190.7245193828584,216.17579408675164,266.8026124853415,200.34185013022716,507.20640807215534
2024-12-13,938.5096061654842,189.75298781729333,213.76582763009355,265.04312225904755,200.47919247440967,498.81180896841283
2024-12-16,922.7803352910067,191.58574191903332,221.46870222809127,271.4169115638312,202.8303532011146,502.3445321993643
2024-12-17,911.5252383038998,192.80333150652518,220.0722614901171,269.342804379461,204.80177370084175,498.4818436419333
2024-12-18,901.1789512201432,185.56143929477983,212.16667830768694,256.9564263069561,200.41455715301467,480.5766035927113
2024-12-19,913.5524849987424,185.40870870522198,212.2905605546952,260.18409937095277,201.82040316297147,479.27291609376755
2024-12-20,941.6553963321695,185.22628302354676,215.55640005518876,262.08342923416507,205.61783011685085,470.96813323726553
2024-12-23,976.3994795065713,184.65355304242047,219.18261801844145,262.2465606605765,206.24803992801623,482.71715041118154
2024-12-24,980.2444526884649,186.38446945384965,220.84930819652843,266.8958329832897,208.61536874160817,489.07453808326255
2024-12-26,978.217099313272,185.86688750094135,220.27498727802782,264.56537387455984,209.27786535834346,485.5337033685702
2024-12-27,957.8040276632815,182.65109972705554,217.07670583669287,260.7201127891571,206.50658121359635,482.684999439263
2024-12-30,961.1596580788096,180.23288917613894,215.36495974902186,257.86530393696137,203.76759621647017,475.788419320694
2024-12-31,938.7892153633572,178.82014743892154,213.18023843332742,255.63971122092627,202.32942637479033,471.17736035727404
2025-01-02,966.8920200164342,177.58134707134587,213.32662282991026,256.6068538846482,197.02113489849464,482.2262827435865
2025-01-03,1009.9551435797498,179.60501116679464,215.9843365771065,261.23281663787645,196.6252265846299,486.5637634826532
2025-01-06,1044.6292444444207,181.51412407683648,221.7051812403639,265.21789958020554,197.95028152835567,507.1407296341076
2025-01-07,979.6851276123684,179.18924095828876,220.1511050310196,258.8091370311983,195.69607995476886,497.23449408460834
2025-01-08,979.4755007242262,180.11835096368617,218.41682238681747,258.83244660068334,196.09196358453153,491.4645744774008
2025-01-10,950.114294660195,177.73831981692047,216.26587149896315,255.11536147746043,191.36540234284217,495.6008904196925
2025-01-13,931.3789848777936,176.9916484661525,215.1059441802181,254.55605626976302,189.38589779967148,489.54131710217246
2025-01-14,921.1025734234179,176.3468018327411,213.585638398714,253.74038135771397,188.48097861603893,478.21070500776585
2025-01-15,952.4212572332611,180.8607801584374,220.2186630901782,260.25402807940793,192.18951811819267,496.61487504781627
2025-01-16,933.7559297605907,180.12682230276553,217.24562678980686,257.1195577333675,184.4250227186305,491.9313043358032
2025-01-17,962.697668687637,182.0147374056777,220.72542594952017,263.27196835801504,185.81471298375132,493.1143027887834
2025-01-21,984.5087863269928,181.7898771908806,223.03404671570118,268.83011831073367,179.8842833976827,496.08374492456164
2025-01-22,1028.1312349664051,189.29906415054492,223.39440797498202,273.84059117050936,180.8457538592668,501.749050971765
2025-01-23,1029.1797961285167,189.5154141074001,222.9552031747987,274.318339554997,180.70841151508426,512.170291998052
2025-01-24,997.0221780447039,188.39116492523135,225.4665325254121,273.6541679546048,179.9973982956368,521.054480596194
2025-01-27,827.8458116894461,184.36081833135506,216.0068559301594,274.318339554997,185.71775383063326,531.0251164105456
2025-01-28,901.7382762962396,189.7233056981301,219.9371281683216,277.49941126001556,192.50462302377537,542.6534445384981
2025-01-29,864.7570528379774,187.6572070695595,220.0610104153298,276.24097898769435,193.39338646257193,544.3916617634181
2025-01-30,871.3982780191272,176.05829630473832,226.2097743970267,273.4094619249917,191.96328832228454,552.8493829588174
2025-01-31,839.3806245547763,176.08800436980988,229.7571660228552,276.9517519470647,190.6786412537253,554.6036756696967
2025-02-03,815.5421535402274,174.3316220493259,226.61519156589156,276.64879866372695,184.22303271100188,561.2668908590645
2025-02-04,829.4537512678293,174.94677359061987,232.4148797700514,282.0554630847806,188.09316668766874,566.6827073305998
2025-02-05,872.6566260899065,175.33709086302514,215.46632264297725,275.1922617207708,187.82654135864507,567.2299129398137
2025-02-06,899.5709583015848,176.41043417299264,215.77037691788678,278.29177660257955,188.43251138153093,572.9595700913618
2025-02-07,907.6802651220064,173.83525087650142,208.72066677929212,267.01234527073103,183.9160118488627,574.9955525103353
2025-02-10,933.7559297605907,174.88314125036834,209.99322527025805,271.6616175934443,184.13439210029742,577.3131754768954
2025-02-11,928.3730526502198,174.55222713515204,208.6981646297175,271.2188246731882,188.1543709188694,579.2444951753571
2025-02-12,916.7683641555091,173.5340318534025,206.7724416793485,266.7559933463714,191.59197771617997,583.734914253321
2025-02-13,945.7799787119361,174.1704071477345,209.62159573271163,268.4339267494556,195.36121542544097,586.2939644723158
2025-02-14,970.6671175689469,173.27523439047127,208.5967845322839,266.46468595778015,197.844386730271,592.8203168087457
2025-02-18,974.51198407049,173.78858716031698,206.9526137072498,264.0992713848187,197.7392324552499,576.4842801595873
2025-02-19,973.3235649692666,175.9649688723694,208.6418404418679,264.0759795953256,198.06276698170575,566.3447288413944
2025-02-20,979.4755007242262,176.89593401021452,207.84227438240373,259.70636876645705,198.8392671240713,559.1584950125128
2025-02-21,939.7679008960882,173.52915402263093,202.32413830357876,252.36541901795948,198.612790487142,550.0730432965807
2025-02-24,910.7562863396611,171.73949607467597,201.86241415034257,247.85598633216455,199.86650837574783,537.6641446302132
2025-02-25,885.2400001173484,169.14639712846252,197.54926129984665,247.96085272485934,199.8179670889335,529.109872198043
2025-02-26,917.7470496882399,169.92433329880365,194.51991801510397,249.7669620901234,194.41486397640398,542.1465013849437
2025-02-27,839.9398962906976,166.8636242191822,189.75630928963741,243.23002357893637,191.93978905706854,529.7053534256424
2025-02-28,873.2857734552086,168.75955660777745,191.76084137395236,247.35492837819183,195.61195653475195,537.7204825718319
2025-03-03,797.3661154937473,165.1462256260083,188.07833362980662,238.8953682142994,192.53024512177345,527.1382408834144
2025-03-04,810.8582994245396,165.19723528184295,192.4815810959923,237.47378673557483,190.83165800275253,515.0270582505926
2025-03-05,820.0162207472479,170.47270007198043,194.84650884654462,242.78723065868024,190.67798712501917,528.280976880735
2025-03-06,772.9683727432772,168.71705720988467,194.09198149318624,233.8615680050467,190.34635621306873,505.3139743351426
2025-03-07,787.7888337144045,167.1951999550617,195.7924765060699,232.17198870721592,193.3714546378404,503.4872190361775
2025-03-10,747.8715536579492,161.60516697197434,187.00965355979534,226.68374968296052,183.99688930945112,481.2203604386961
2025-03-11,760.3151230864546,161.72844895554422,184.9464232076298,229.0724738254071,178.62613471274676,487.43292125562084
2025-03-12,809.1850181316591,162.9272147865213,188.40769422124845,231.75250535644483,175.50397839844857,498.57839487870416
2025-03-13,808.0664213196412,161.01427485499642,183.50329222963614,225.92635758462006,169.59938072524608,475.30561397633227
2025-03-14,850.6440426091987,165.17598558289657,186.58123534048607,230.65718673054306,172.6811044802756,489.3888212078429
2025-03-17,835.6824435347575,165.2355054966731,185.22828499557355,228.082039372192,173.09361285281452,487.21415699715334
2025-03-18,807.0177001370043,163.03348922716154,181.14693181126134,224.67957120704543,172.0340230853128,469.0593782117558
2025-03-19,821.6297077038415,164.8614173899467,184.77731301625488,227.84897923732547,174.09658963210936,470.42864582773234
2025-03-20,828.6910401040773,164.44481691237334,183.54839974965498,227.1614980674482,173.174502655454,471.9912125592806
2025-03-21,822.8881624549709,166.32375473099316,184.8900646128237,228.6296986851429,176.54740007906318,480.2470315502919
2025-03-24,848.8263161221479,167.09742279940915,189.05033015195144,236.8445528194222,178.53716086666375,498.45008595407484
2025-03-25,843.7924971176303,167.98163341039051,192.2973834541763,239.69937945160993,180.97988727017403,504.45872898580336
2025-03-26,795.3420692094106,165.7753749848622,186.09642411941417,234.36262595901943,179.18424226162654,492.1112317933292
2025-03-27,779.0520864142841,166.03467839300643,182.91703209721754,234.63062377812562,181.06077707281355,485.34551694578056
2025-03-28,766.7472014410381,161.02702726895507,173.99892099784302,224.56304113961215,176.2481176829379,464.53277700025654
2025-03-31,757.72828461464,159.5774553148215,174.34842686233674,221.6965686126779,179.6695563933614,464.2267036804321
2025-04-01,770.1030985574416,162.46811491105515,177.08813238695853,223.922161328713,180.52693399631542,471.9912125592806
2025-04-02,771.9907540140482,162.44686521210878,177.05429314520526,228.39663855027635,181.0931255886387,470.32393394671305
2025-04-03,711.7248905792983,158.60821996214622,169.9288360917964,207.88860906144845,164.34996083250098,428.191068457543
